NACA 64A223 SURROGATE - 23 pct thickness, 2 pct camber, 40 pct camber-location; not original 6-series coordinates
 1.00016064  0.00240965
 1.00006596  0.00244194
 0.99978195  0.00253876
 0.99930870  0.00270001
 0.99864638  0.00292550
 0.99779520  0.00321498
 0.99675546  0.00356811
 0.99552750  0.00398449
 0.99411175  0.00446365
 0.99250869  0.00500506
 0.99071885  0.00560809
 0.98874284  0.00627208
 0.98658134  0.00699627
 0.98423509  0.00777987
 0.98170488  0.00862201
 0.97899157  0.00952176
 0.97609611  0.01047813
 0.97301948  0.01149008
 0.96976273  0.01255651
 0.96632699  0.01367629
 0.96271345  0.01484821
 0.95892336  0.01607104
 0.95495803  0.01734348
 0.95081883  0.01866421
 0.94650721  0.02003185
 0.94202468  0.02144501
 0.93737281  0.02290225
 0.93255322  0.02440209
 0.92756761  0.02594303
 0.92241775  0.02752354
 0.91710545  0.02914206
 0.91163259  0.03079702
 0.90600113  0.03248682
 0.90021307  0.03420984
 0.89427047  0.03596443
 0.88817547  0.03774895
 0.88193025  0.03956174
 0.87553707  0.04140110
 0.86899822  0.04326535
 0.86231609  0.04515280
 0.85549309  0.04706172
 0.84853171  0.04899041
 0.84143447  0.05093715
 0.83420399  0.05290020
 0.82684290  0.05487783
 0.81935392  0.05686831
 0.81173979  0.05886990
 0.80400333  0.06088084
 0.79614740  0.06289939
 0.78817491  0.06492381
 0.78008882  0.06695234
 0.77189215  0.06898322
 0.76358796  0.07101470
 0.75517935  0.07304502
 0.74666947  0.07507241
 0.73806153  0.07709510
 0.72935876  0.07911134
 0.72056445  0.08111933
 0.71168192  0.08311732
 0.70271453  0.08510352
 0.69366571  0.08707614
 0.68453888  0.08903340
 0.67533753  0.09097351
 0.66606518  0.09289468
 0.65672537  0.09479510
 0.64732170  0.09667299
 0.63785777  0.09852652
 0.62833725  0.10035390
 0.61876379  0.10215331
 0.60914112  0.10392295
 0.59947296  0.10566099
 0.58976307  0.10736564
 0.58001524  0.10903508
 0.57023326  0.11066750
 0.56042098  0.11226108
 0.55058223  0.11381405
 0.54072087  0.11532459
 0.53084081  0.11679092
 0.52094592  0.11821128
 0.51104013  0.11958388
 0.50112736  0.12090700
 0.49121155  0.12217889
 0.48129664  0.12339784
 0.47138659  0.12456217
 0.46148535  0.12567020
 0.45159690  0.12672031
 0.44172519  0.12771089
 0.43187419  0.12864036
 0.42204787  0.12950720
 0.41225020  0.13030990
 0.40248513  0.13104702
 0.39264560  0.13171346
 0.38280769  0.13229875
 0.37301351  0.13280134
 0.36326729  0.13322018
 0.35357326  0.13355432
 0.34393564  0.13380288
 0.33435862  0.13396506
 0.32484638  0.13404018
 0.31540310  0.13402761
 0.30603290  0.13392686
 0.29673990  0.13373751
 0.28752817  0.13345924
 0.27840177  0.13309183
 0.26936471  0.13263517
 0.26042096  0.13208925
 0.25157446  0.13145416
 0.24282908  0.13073011
 0.23418867  0.12991739
 0.22565702  0.12901643
 0.21723785  0.12802773
 0.20893484  0.12695192
 0.20075162  0.12578973
 0.19269174  0.12454198
 0.18475867  0.12320961
 0.17695586  0.12179365
 0.16928664  0.12029523
 0.16175430  0.11871559
 0.15436204  0.11705603
 0.14711300  0.11531797
 0.14001022  0.11350290
 0.13305666  0.11161241
 0.12625522  0.10964815
 0.11960870  0.10761186
 0.11311981  0.10550533
 0.10679119  0.10333044
 0.10062537  0.10108912
 0.09462481  0.09878334
 0.08879187  0.09641513
 0.08312883  0.09398658
 0.07763785  0.09149978
 0.07232104  0.08895689
 0.06718038  0.08636006
 0.06221779  0.08371147
 0.05743506  0.08101334
 0.05283392  0.07826784
 0.04841599  0.07547719
 0.04418280  0.07264356
 0.04013580  0.06976914
 0.03627634  0.06685607
 0.03260566  0.06390647
 0.02912495  0.06092244
 0.02583527  0.05790601
 0.02273761  0.05485918
 0.01983288  0.05178389
 0.01712189  0.04868203
 0.01460535  0.04555541
 0.01228392  0.04240578
 0.01015814  0.03923480
 0.00822849  0.03604405
 0.00649536  0.03283504
 0.00495905  0.02960917
 0.00361978  0.02636775
 0.00247770  0.02311200
 0.00153287  0.01984302
 0.00078528  0.01656182
 0.00023484  0.01326930
-0.00011862  0.00996624
-0.00027536  0.00665331
-0.00023569  0.00333109
 0.00000000  0.00000000
 0.00042844 -0.00331181
 0.00104632 -0.00657626
 0.00185301 -0.00979299
 0.00284783 -0.01296163
 0.00402999 -0.01608175
 0.00539867 -0.01915287
 0.00695296 -0.02217449
 0.00869188 -0.02514606
 0.01061439 -0.02806698
 0.01271936 -0.03093664
 0.01500562 -0.03375438
 0.01747194 -0.03651950
 0.02011699 -0.03923130
 0.02293941 -0.04188904
 0.02593778 -0.04449195
 0.02911060 -0.04703926
 0.03245634 -0.04953018
 0.03597340 -0.05196391
 0.03966012 -0.05433964
 0.04351480 -0.05665657
 0.04753570 -0.05891389
 0.05172102 -0.06111081
 0.05606891 -0.06324654
 0.06057749 -0.06532032
 0.06524482 -0.06733138
 0.07006893 -0.06927902
 0.07504783 -0.07116253
 0.08017945 -0.07298125
 0.08546173 -0.07473457
 0.09089253 -0.07642190
 0.09646973 -0.07804270
 0.10219113 -0.07959649
 0.10805453 -0.08108284
 0.11405770 -0.08250136
 0.12019836 -0.08385176
 0.12647422 -0.08513376
 0.13288297 -0.08634719
 0.13942227 -0.08749193
 0.14608974 -0.08856794
 0.15288300 -0.08957523
 0.15979964 -0.09051391
 0.16683721 -0.09138416
 0.17399326 -0.09218623
 0.18126531 -0.09292046
 0.18865086 -0.09358725
 0.19614738 -0.09418709
 0.20375232 -0.09472057
 0.21146313 -0.09518831
 0.21927720 -0.09559106
 0.22719192 -0.09592962
 0.23520466 -0.09620485
 0.24331276 -0.09641772
 0.25151355 -0.09656926
 0.25980430 -0.09666055
 0.26818230 -0.09669276
 0.27664479 -0.09666711
 0.28518899 -0.09658491
 0.29381209 -0.09644749
 0.30251127 -0.09625627
 0.31128367 -0.09601269
 0.32012640 -0.09571827
 0.32903656 -0.09537456
 0.33801120 -0.09498315
 0.34704737 -0.09454567
 0.35614206 -0.09406378
 0.36529226 -0.09353917
 0.37449492 -0.09297355
 0.38374695 -0.09236866
 0.39304525 -0.09172626
 0.40242455 -0.09104769
 0.41195352 -0.09032617
 0.42151766 -0.08955992
 0.43111347 -0.08875057
 0.44073742 -0.08789978
 0.45038596 -0.08700921
 0.46005555 -0.08608054
 0.46974261 -0.08511543
 0.47944354 -0.08411554
 0.48915476 -0.08308255
 0.49887264 -0.08201811
 0.50859356 -0.08092386
 0.51831389 -0.07980142
 0.52803000 -0.07865243
 0.53773822 -0.07747846
 0.54743491 -0.07628111
 0.55711642 -0.07506192
 0.56677908 -0.07382242
 0.57641923 -0.07256412
 0.58603321 -0.07128850
 0.59561736 -0.06999700
 0.60516803 -0.06869106
 0.61468157 -0.06737206
 0.62415433 -0.06604136
 0.63358268 -0.06470030
 0.64296298 -0.06335018
 0.65229162 -0.06199228
 0.66156500 -0.06062783
 0.67077953 -0.05925806
 0.67993162 -0.05788415
 0.68901773 -0.05650725
 0.69803430 -0.05512849
 0.70697782 -0.05374898
 0.71584479 -0.05236980
 0.72463174 -0.05099199
 0.73333521 -0.04961659
 0.74195177 -0.04824461
 0.75047802 -0.04687703
 0.75891060 -0.04551482
 0.76724617 -0.04415893
 0.77548141 -0.04281030
 0.78361305 -0.04146983
 0.79163786 -0.04013844
 0.79955262 -0.03881701
 0.80735416 -0.03750642
 0.81503937 -0.03620754
 0.82260515 -0.03492122
 0.83004845 -0.03364832
 0.83736627 -0.03238967
 0.84455566 -0.03114611
 0.85161369 -0.02991846
 0.85853750 -0.02870756
 0.86532428 -0.02751420
 0.87197126 -0.02633921
 0.87847572 -0.02518339
 0.88483499 -0.02404755
 0.89104646 -0.02293247
 0.89710759 -0.02183896
 0.90301586 -0.02076780
 0.90876885 -0.01971978
 0.91436416 -0.01869566
 0.91979948 -0.01769623
 0.92507255 -0.01672223
 0.93018117 -0.01577443
 0.93512320 -0.01485357
 0.93989658 -0.01396039
 0.94449931 -0.01309561
 0.94892945 -0.01225994
 0.95318515 -0.01145407
 0.95726460 -0.01067869
 0.96116608 -0.00993447
 0.96488794 -0.00922205
 0.96842861 -0.00854206
 0.97178657 -0.00789510
 0.97496041 -0.00728177
 0.97794876 -0.00670262
 0.98075036 -0.00615818
 0.98336400 -0.00564897
 0.98578858 -0.00517547
 0.98802304 -0.00473813
 0.99006643 -0.00433737
 0.99191788 -0.00397357
 0.99357659 -0.00364709
 0.99504184 -0.00335825
 0.99631300 -0.00310734
 0.99738953 -0.00289460
 0.99827096 -0.00272025
 0.99895691 -0.00258447
 0.99944709 -0.00248738
 0.99974128 -0.00242909
 0.99983936 -0.00240965
